#ies_format_version: 1.0
#file: 20260130_5000_2000.dat
#file_info: generated by AsciiLoger of OpenMUC
#timezone: + 5
#timestep_sec: 5.0
#col_no;	col_name;	confidential;	measured;	unit;	category;	comment
#001;	YYYYMMDD;	FALSE;	FALSE;	0;	time;	INTEGER,8. Date [human readable]
#002;	hhmmss;	FALSE;	FALSE;	0;	time;	SHORT,6. Time [human readable]
#003;	unixtimestamp;	FALSE;	FALSE;	s;	time;	DOUBLE,14. lapsed seconds from 01-01-1970
#004;	power_self_consumption;	FALSE;	TRUE;	kW;	other;	DOUBLE,9. test
YYYYMMDD;	hhmmss;	unixtimestamp;	power_self_consumption
20260130;	160817;	1769769497.000;	   +0.266
20260130;	160822;	1769769502.000;	    err20
20260130;	160827;	1769769507.000;	   +0.271
20260130;	160832;	1769769512.000;	   +0.282
20260130;	160837;	1769769517.000;	   +0.231
20260130;	160842;	1769769522.000;	   +0.197
20260130;	160847;	1769769527.000;	   +0.151
20260130;	160852;	1769769532.000;	   +0.000
20260130;	160857;	1769769537.000;	   +1.108
20260130;	160902;	1769769542.000;	   +0.157
20260130;	160907;	1769769547.000;	   +0.304
20260130;	160912;	1769769552.000;	   +0.000
20260130;	160917;	1769769557.000;	   +0.000
20260130;	160922;	1769769562.000;	   +0.233
20260130;	160927;	1769769567.000;	   +0.113
20260130;	160932;	1769769572.000;	   +0.207
20260130;	160937;	1769769577.000;	   +0.200
20260130;	160942;	1769769582.000;	   +0.174
20260130;	160947;	1769769587.000;	   +0.199
20260130;	160952;	1769769592.000;	    err32
20260130;	160957;	1769769597.000;	    err32
20260130;	161002;	1769769602.000;	    err32
20260130;	161007;	1769769607.000;	    err32
20260130;	161012;	1769769612.000;	    err32
20260130;	161017;	1769769617.000;	    err32
20260130;	161022;	1769769622.000;	    err32
20260130;	161027;	1769769627.000;	    err32
20260130;	161032;	1769769632.000;	    err32
20260130;	161037;	1769769637.000;	    err32
20260130;	161042;	1769769642.000;	    err32
20260130;	161047;	1769769647.000;	    err32
20260130;	161052;	1769769652.000;	    err32
20260130;	161057;	1769769657.000;	    err32
20260130;	161102;	1769769662.000;	    err32
20260130;	161107;	1769769667.000;	    err32
20260130;	161112;	1769769672.000;	    err32
20260130;	161117;	1769769677.000;	    err32
20260130;	161122;	1769769682.000;	    err32
20260130;	161127;	1769769687.000;	    err32
20260130;	161132;	1769769692.000;	    err32
20260130;	161137;	1769769697.000;	    err32
20260130;	161142;	1769769702.000;	    err32
20260130;	161147;	1769769707.000;	    err32
20260130;	161152;	1769769712.000;	    err32
20260130;	161157;	1769769717.000;	    err32
20260130;	161202;	1769769722.000;	    err32
20260130;	161207;	1769769727.000;	    err32
20260130;	161212;	1769769732.000;	    err32
20260130;	161217;	1769769737.000;	    err32
20260130;	161222;	1769769742.000;	    err32
20260130;	161227;	1769769747.000;	    err32
20260130;	161232;	1769769752.000;	    err32
20260130;	161237;	1769769757.000;	    err32
20260130;	161242;	1769769762.000;	    err32
20260130;	161247;	1769769767.000;	    err32
20260130;	161252;	1769769772.000;	    err32
20260130;	161257;	1769769777.000;	    err32
20260130;	161302;	1769769782.000;	    err32
20260130;	161307;	1769769787.000;	    err32
20260130;	161312;	1769769792.000;	    err32
20260130;	161317;	1769769797.000;	    err32
20260130;	161322;	1769769802.000;	    err32
20260130;	161327;	1769769807.000;	    err32
20260130;	161332;	1769769812.000;	    err32
20260130;	161337;	1769769817.000;	    err32
20260130;	161342;	1769769822.000;	    err32
20260130;	161347;	1769769827.000;	    err32
20260130;	161352;	1769769832.000;	    err32
20260130;	161357;	1769769837.000;	    err32
20260130;	161402;	1769769842.000;	    err32
20260130;	161407;	1769769847.000;	    err32
20260130;	161412;	1769769852.000;	    err32
20260130;	161417;	1769769857.000;	    err32
20260130;	161422;	1769769862.000;	    err32
20260130;	161427;	1769769867.000;	    err32
20260130;	161432;	1769769872.000;	    err32
20260130;	161437;	1769769877.000;	    err32
20260130;	161442;	1769769882.000;	    err32
20260130;	161447;	1769769887.000;	    err32
20260130;	161452;	1769769892.000;	    err32
20260130;	161457;	1769769897.000;	    err32
20260130;	161502;	1769769902.000;	    err32
20260130;	161507;	1769769907.000;	    err32
20260130;	161512;	1769769912.000;	    err32
20260130;	161517;	1769769917.000;	    err32
20260130;	161522;	1769769922.000;	    err32
20260130;	161527;	1769769927.000;	    err32
20260130;	161532;	1769769932.000;	    err32
20260130;	161537;	1769769937.000;	    err32
20260130;	161542;	1769769942.000;	    err32
20260130;	161547;	1769769947.000;	    err32
20260130;	161552;	1769769952.000;	    err32
20260130;	161557;	1769769957.000;	    err32
20260130;	161602;	1769769962.000;	    err32
20260130;	161607;	1769769967.000;	    err32
20260130;	161612;	1769769972.000;	    err32
20260130;	161617;	1769769977.000;	    err32
20260130;	161622;	1769769982.000;	    err32
20260130;	161627;	1769769987.000;	    err32
20260130;	161632;	1769769992.000;	    err32
20260130;	161637;	1769769997.000;	    err32
20260130;	161642;	1769770002.000;	    err32
20260130;	161647;	1769770007.000;	    err32
20260130;	161652;	1769770012.000;	    err32
20260130;	161657;	1769770017.000;	    err32
20260130;	161702;	1769770022.000;	    err32
20260130;	161707;	1769770027.000;	    err32
20260130;	161712;	1769770032.000;	    err32
20260130;	161717;	1769770037.000;	    err32
20260130;	161722;	1769770042.000;	    err32
20260130;	161727;	1769770047.000;	    err32
20260130;	161732;	1769770052.000;	    err32
20260130;	161737;	1769770057.000;	    err32
20260130;	161742;	1769770062.000;	    err32
20260130;	161747;	1769770067.000;	    err32
20260130;	161752;	1769770072.000;	    err32
20260130;	161757;	1769770077.000;	    err32
20260130;	161802;	1769770082.000;	    err32
20260130;	161807;	1769770087.000;	    err32
20260130;	161812;	1769770092.000;	    err32
20260130;	161817;	1769770097.000;	    err32
20260130;	161822;	1769770102.000;	    err32
20260130;	161827;	1769770107.000;	    err32
20260130;	161832;	1769770112.000;	    err32
20260130;	161837;	1769770117.000;	    err32
20260130;	161842;	1769770122.000;	    err32
20260130;	161847;	1769770127.000;	    err32
20260130;	161852;	1769770132.000;	    err32
20260130;	161857;	1769770137.000;	    err32
20260130;	161902;	1769770142.000;	    err32
20260130;	161907;	1769770147.000;	    err32
20260130;	161912;	1769770152.000;	    err32
20260130;	161917;	1769770157.000;	    err32
20260130;	161922;	1769770162.000;	    err32
20260130;	161927;	1769770167.000;	    err32
20260130;	161932;	1769770172.000;	    err32
20260130;	161937;	1769770177.000;	    err32
20260130;	161942;	1769770182.000;	    err32
20260130;	161947;	1769770187.000;	    err32
20260130;	161952;	1769770192.000;	    err32
20260130;	161957;	1769770197.000;	    err32
20260130;	162002;	1769770202.000;	    err32
20260130;	162007;	1769770207.000;	    err32
20260130;	162012;	1769770212.000;	    err32
20260130;	162017;	1769770217.000;	    err32
20260130;	162022;	1769770222.000;	    err32
20260130;	162027;	1769770227.000;	    err32
20260130;	162032;	1769770232.000;	    err32
20260130;	162037;	1769770237.000;	    err32
20260130;	162042;	1769770242.000;	    err32
20260130;	162047;	1769770247.000;	    err32
20260130;	162052;	1769770252.000;	    err32
20260130;	162057;	1769770257.000;	    err32
20260130;	162102;	1769770262.000;	    err32
20260130;	162107;	1769770267.000;	    err32
20260130;	162112;	1769770272.000;	    err32
20260130;	162117;	1769770277.000;	    err32
20260130;	162122;	1769770282.000;	    err32
20260130;	162127;	1769770287.000;	    err32
20260130;	162132;	1769770292.000;	    err32
20260130;	162137;	1769770297.000;	    err32
20260130;	162142;	1769770302.000;	    err32
20260130;	162147;	1769770307.000;	    err32
20260130;	162152;	1769770312.000;	    err32
20260130;	162157;	1769770317.000;	    err32
20260130;	162202;	1769770322.000;	    err32
20260130;	162207;	1769770327.000;	    err32
20260130;	162212;	1769770332.000;	    err32
20260130;	162217;	1769770337.000;	    err32
20260130;	162222;	1769770342.000;	    err32
20260130;	162227;	1769770347.000;	    err32
20260130;	162232;	1769770352.000;	    err32
20260130;	162237;	1769770357.000;	    err32
20260130;	162242;	1769770362.000;	    err32
20260130;	162247;	1769770367.000;	    err32
20260130;	162252;	1769770372.000;	    err32
20260130;	162257;	1769770377.000;	    err32
20260130;	162302;	1769770382.000;	    err32
20260130;	162307;	1769770387.000;	    err32
20260130;	162312;	1769770392.000;	    err32
20260130;	162317;	1769770397.000;	    err32
20260130;	162322;	1769770402.000;	    err32
20260130;	162327;	1769770407.000;	    err32
20260130;	162332;	1769770412.000;	    err32
20260130;	162337;	1769770417.000;	    err32
20260130;	162342;	1769770422.000;	    err32
20260130;	162347;	1769770427.000;	    err32
20260130;	162352;	1769770432.000;	    err32
20260130;	162357;	1769770437.000;	    err32
20260130;	162402;	1769770442.000;	    err32
20260130;	162407;	1769770447.000;	    err32
20260130;	162412;	1769770452.000;	    err32
20260130;	162417;	1769770457.000;	    err32
20260130;	162422;	1769770462.000;	    err32
20260130;	162427;	1769770467.000;	    err32
20260130;	162432;	1769770472.000;	    err32
20260130;	162437;	1769770477.000;	    err32
20260130;	162442;	1769770482.000;	    err32
20260130;	162447;	1769770487.000;	    err32
20260130;	162452;	1769770492.000;	    err32
20260130;	162457;	1769770497.000;	    err32
20260130;	162502;	1769770502.000;	    err32
20260130;	162507;	1769770507.000;	    err32
20260130;	162512;	1769770512.000;	    err32
20260130;	162517;	1769770517.000;	    err32
20260130;	162522;	1769770522.000;	    err32
20260130;	162527;	1769770527.000;	    err32
20260130;	162532;	1769770532.000;	    err32
20260130;	162537;	1769770537.000;	    err32
20260130;	162542;	1769770542.000;	    err32
20260130;	162547;	1769770547.000;	    err32
20260130;	162552;	1769770552.000;	    err32
20260130;	162557;	1769770557.000;	    err32
20260130;	162602;	1769770562.000;	    err32
20260130;	162607;	1769770567.000;	    err32
20260130;	162612;	1769770572.000;	    err32
20260130;	162617;	1769770577.000;	    err32
20260130;	162622;	1769770582.000;	    err32
20260130;	162627;	1769770587.000;	    err32
20260130;	162632;	1769770592.000;	    err32
20260130;	162637;	1769770597.000;	    err32
20260130;	162642;	1769770602.000;	    err32
20260130;	162647;	1769770607.000;	    err32
20260130;	162652;	1769770612.000;	    err32
20260130;	162657;	1769770617.000;	    err32
20260130;	162702;	1769770622.000;	    err32
20260130;	162707;	1769770627.000;	    err32
20260130;	162712;	1769770632.000;	    err32
20260130;	162717;	1769770637.000;	    err32
20260130;	162722;	1769770642.000;	    err32
20260130;	162727;	1769770647.000;	    err32
20260130;	162732;	1769770652.000;	    err32
20260130;	162737;	1769770657.000;	    err32
20260130;	162742;	1769770662.000;	    err32
20260130;	162747;	1769770667.000;	    err32
20260130;	162752;	1769770672.000;	    err32
20260130;	162757;	1769770677.000;	    err32
20260130;	162802;	1769770682.000;	    err32
20260130;	162807;	1769770687.000;	    err32
20260130;	162812;	1769770692.000;	    err32
20260130;	162817;	1769770697.000;	    err32
20260130;	162822;	1769770702.000;	    err32
20260130;	162827;	1769770707.000;	    err32
20260130;	162832;	1769770712.000;	    err32
20260130;	162837;	1769770717.000;	    err32
20260130;	162842;	1769770722.000;	    err32
20260130;	162847;	1769770727.000;	    err32
20260130;	162852;	1769770732.000;	    err32
20260130;	162857;	1769770737.000;	    err32
20260130;	162902;	1769770742.000;	    err32
20260130;	162907;	1769770747.000;	    err32
20260130;	162912;	1769770752.000;	    err32
20260130;	162917;	1769770757.000;	    err32
20260130;	162922;	1769770762.000;	    err32
20260130;	162927;	1769770767.000;	    err32
20260130;	162932;	1769770772.000;	    err32
20260130;	162937;	1769770777.000;	    err32
20260130;	162942;	1769770782.000;	    err32
20260130;	162947;	1769770787.000;	    err32
20260130;	162952;	1769770792.000;	    err32
20260130;	162957;	1769770797.000;	    err32
20260130;	163002;	1769770802.000;	    err32
20260130;	163007;	1769770807.000;	    err32
20260130;	163012;	1769770812.000;	    err32
20260130;	163017;	1769770817.000;	    err32
20260130;	163022;	1769770822.000;	    err32
20260130;	163027;	1769770827.000;	    err32
20260130;	163032;	1769770832.000;	    err32
20260130;	163037;	1769770837.000;	    err32
20260130;	163042;	1769770842.000;	    err32
20260130;	163047;	1769770847.000;	    err32
20260130;	163052;	1769770852.000;	    err32
20260130;	163057;	1769770857.000;	    err32
20260130;	163102;	1769770862.000;	    err32
20260130;	163107;	1769770867.000;	    err32
20260130;	163112;	1769770872.000;	    err32
20260130;	163117;	1769770877.000;	    err32
20260130;	163122;	1769770882.000;	    err32
20260130;	163127;	1769770887.000;	    err32
20260130;	163132;	1769770892.000;	    err32
20260130;	163137;	1769770897.000;	    err32
20260130;	163142;	1769770902.000;	    err32
20260130;	163147;	1769770907.000;	    err32
20260130;	163152;	1769770912.000;	    err32
20260130;	163157;	1769770917.000;	    err32
20260130;	163202;	1769770922.000;	    err32
20260130;	163207;	1769770927.000;	    err32
20260130;	163212;	1769770932.000;	    err32
20260130;	163217;	1769770937.000;	    err32
20260130;	163222;	1769770942.000;	    err32
20260130;	163227;	1769770947.000;	    err32
20260130;	163232;	1769770952.000;	    err32
20260130;	163237;	1769770957.000;	    err32
20260130;	163242;	1769770962.000;	    err32
20260130;	163247;	1769770967.000;	    err32
20260130;	163252;	1769770972.000;	    err32
20260130;	163257;	1769770977.000;	    err32
20260130;	163302;	1769770982.000;	    err32
20260130;	163307;	1769770987.000;	    err32
20260130;	163312;	1769770992.000;	    err32
20260130;	163317;	1769770997.000;	    err32
20260130;	163322;	1769771002.000;	    err32
20260130;	163327;	1769771007.000;	    err32
20260130;	163332;	1769771012.000;	    err32
20260130;	163337;	1769771017.000;	    err32
20260130;	163342;	1769771022.000;	    err32
20260130;	163347;	1769771027.000;	    err32
20260130;	163352;	1769771032.000;	    err32
20260130;	163357;	1769771037.000;	    err32
20260130;	163402;	1769771042.000;	    err32
20260130;	163407;	1769771047.000;	    err32
20260130;	163412;	1769771052.000;	    err32
20260130;	163417;	1769771057.000;	    err32
20260130;	163422;	1769771062.000;	    err32
20260130;	163427;	1769771067.000;	    err32
20260130;	163432;	1769771072.000;	    err32
20260130;	163437;	1769771077.000;	    err32
20260130;	163442;	1769771082.000;	    err32
20260130;	163447;	1769771087.000;	    err32
20260130;	163452;	1769771092.000;	    err32
20260130;	163457;	1769771097.000;	    err32
20260130;	163502;	1769771102.000;	    err32
20260130;	163507;	1769771107.000;	    err32
20260130;	163512;	1769771112.000;	    err32
20260130;	163517;	1769771117.000;	    err32
20260130;	163522;	1769771122.000;	    err32
20260130;	163527;	1769771127.000;	    err32
20260130;	163532;	1769771132.000;	    err32
20260130;	163537;	1769771137.000;	    err32
20260130;	163542;	1769771142.000;	    err32
20260130;	163547;	1769771147.000;	    err32
20260130;	163552;	1769771152.000;	    err32
20260130;	163557;	1769771157.000;	    err32
20260130;	163602;	1769771162.000;	    err32
20260130;	163607;	1769771167.000;	    err32
20260130;	163612;	1769771172.000;	    err32
20260130;	163617;	1769771177.000;	    err32
20260130;	163622;	1769771182.000;	    err32
20260130;	163627;	1769771187.000;	    err32
20260130;	163632;	1769771192.000;	    err32
20260130;	163637;	1769771197.000;	    err32
20260130;	163642;	1769771202.000;	    err32
20260130;	163647;	1769771207.000;	    err32
20260130;	163652;	1769771212.000;	    err32
20260130;	163657;	1769771217.000;	    err32
20260130;	163702;	1769771222.000;	    err32
20260130;	163707;	1769771227.000;	    err32
20260130;	163712;	1769771232.000;	    err32
20260130;	163717;	1769771237.000;	    err32
20260130;	163722;	1769771242.000;	    err32
20260130;	163727;	1769771247.000;	    err32
20260130;	163732;	1769771252.000;	    err32
20260130;	163737;	1769771257.000;	    err32
20260130;	163742;	1769771262.000;	    err32
20260130;	163747;	1769771267.000;	    err32
20260130;	163752;	1769771272.000;	    err32
20260130;	163757;	1769771277.000;	    err32
20260130;	163802;	1769771282.000;	    err32
20260130;	163807;	1769771287.000;	    err32
20260130;	163812;	1769771292.000;	    err32
20260130;	163817;	1769771297.000;	    err32
20260130;	163822;	1769771302.000;	    err32
20260130;	163827;	1769771307.000;	    err32
20260130;	163832;	1769771312.000;	    err32
20260130;	163837;	1769771317.000;	    err32
20260130;	163842;	1769771322.000;	    err32
20260130;	163847;	1769771327.000;	    err32
20260130;	163852;	1769771332.000;	    err32
20260130;	163857;	1769771337.000;	    err32
20260130;	163902;	1769771342.000;	    err32
20260130;	163907;	1769771347.000;	    err32
20260130;	163912;	1769771352.000;	    err32
20260130;	163917;	1769771357.000;	    err32
20260130;	163922;	1769771362.000;	    err32
20260130;	163927;	1769771367.000;	    err32
20260130;	163932;	1769771372.000;	    err32
20260130;	163937;	1769771377.000;	    err32
20260130;	163942;	1769771382.000;	    err32
20260130;	163947;	1769771387.000;	    err32
20260130;	163952;	1769771392.000;	    err32
20260130;	163957;	1769771397.000;	    err32
20260130;	164002;	1769771402.000;	    err32
20260130;	164007;	1769771407.000;	    err32
20260130;	164012;	1769771412.000;	    err32
20260130;	164017;	1769771417.000;	    err32
20260130;	164022;	1769771422.000;	    err32
20260130;	164027;	1769771427.000;	    err32
20260130;	164032;	1769771432.000;	    err32
20260130;	164037;	1769771437.000;	    err32
20260130;	164042;	1769771442.000;	    err32
20260130;	164047;	1769771447.000;	    err32
20260130;	164052;	1769771452.000;	    err32
20260130;	164057;	1769771457.000;	    err32
20260130;	164102;	1769771462.000;	    err32
20260130;	164107;	1769771467.000;	    err32
20260130;	164112;	1769771472.000;	    err32
20260130;	164117;	1769771477.000;	    err32
20260130;	164122;	1769771482.000;	    err32
20260130;	164127;	1769771487.000;	    err32
20260130;	164132;	1769771492.000;	    err32
20260130;	164137;	1769771497.000;	    err32
20260130;	164142;	1769771502.000;	    err32
20260130;	164147;	1769771507.000;	    err32
20260130;	164152;	1769771512.000;	    err32
20260130;	164157;	1769771517.000;	    err32
20260130;	164202;	1769771522.000;	    err32
20260130;	164207;	1769771527.000;	    err32
20260130;	164212;	1769771532.000;	    err32
20260130;	164217;	1769771537.000;	    err32
20260130;	164222;	1769771542.000;	    err32
20260130;	164227;	1769771547.000;	    err32
20260130;	164232;	1769771552.000;	    err32
20260130;	164237;	1769771557.000;	    err32
20260130;	164242;	1769771562.000;	    err32
20260130;	164247;	1769771567.000;	    err32
20260130;	164252;	1769771572.000;	    err32
20260130;	164257;	1769771577.000;	    err32
20260130;	164302;	1769771582.000;	    err32
20260130;	164307;	1769771587.000;	    err32
20260130;	164312;	1769771592.000;	    err32
20260130;	164317;	1769771597.000;	    err32
20260130;	164322;	1769771602.000;	    err32
20260130;	164327;	1769771607.000;	    err32
20260130;	164332;	1769771612.000;	    err32
20260130;	164337;	1769771617.000;	    err32
20260130;	164342;	1769771622.000;	    err32
20260130;	164347;	1769771627.000;	    err32
20260130;	164352;	1769771632.000;	    err32
20260130;	164357;	1769771637.000;	    err32
20260130;	164402;	1769771642.000;	    err32
20260130;	164407;	1769771647.000;	    err32
20260130;	164412;	1769771652.000;	    err32
20260130;	164417;	1769771657.000;	    err32
20260130;	164422;	1769771662.000;	    err32
20260130;	164427;	1769771667.000;	    err32
20260130;	164432;	1769771672.000;	    err32
20260130;	164437;	1769771677.000;	    err32
20260130;	164442;	1769771682.000;	    err32
20260130;	164447;	1769771687.000;	    err32
20260130;	164452;	1769771692.000;	    err32
20260130;	164457;	1769771697.000;	    err32
20260130;	164502;	1769771702.000;	    err32
20260130;	164507;	1769771707.000;	    err32
20260130;	164512;	1769771712.000;	    err32
20260130;	164517;	1769771717.000;	    err32
20260130;	164522;	1769771722.000;	    err32
20260130;	164527;	1769771727.000;	    err32
20260130;	164532;	1769771732.000;	    err32
20260130;	164537;	1769771737.000;	    err32
20260130;	164542;	1769771742.000;	    err11
20260130;	164547;	1769771747.000;	    err11
20260130;	164552;	1769771752.000;	    err11
20260130;	164557;	1769771757.000;	    err11
20260130;	164602;	1769771762.000;	    err11
20260130;	164607;	1769771767.000;	    err11
20260130;	164612;	1769771772.000;	    err11
20260130;	164617;	1769771777.000;	    err11
20260130;	164622;	1769771782.000;	    err11
20260130;	164627;	1769771787.000;	    err11
20260130;	164632;	1769771792.000;	    err11
20260130;	164637;	1769771797.000;	    err11
20260130;	164642;	1769771802.000;	    err11
20260130;	164647;	1769771807.000;	    err11
20260130;	164652;	1769771812.000;	    err11
20260130;	164657;	1769771817.000;	    err11
20260130;	164702;	1769771822.000;	    err11
20260130;	164707;	1769771827.000;	    err11
20260130;	164712;	1769771832.000;	    err11
20260130;	164717;	1769771837.000;	    err11
20260130;	164722;	1769771842.000;	    err11
20260130;	164727;	1769771847.000;	    err11
20260130;	164732;	1769771852.000;	    err11
20260130;	164737;	1769771857.000;	    err11
20260130;	164742;	1769771862.000;	    err11
20260130;	164747;	1769771867.000;	    err11
20260130;	164752;	1769771872.000;	    err11
20260130;	164757;	1769771877.000;	    err32
20260130;	164802;	1769771882.000;	    err32
20260130;	164807;	1769771887.000;	    err32
20260130;	164812;	1769771892.000;	    err11
20260130;	164817;	1769771897.000;	    err11
20260130;	164822;	1769771902.000;	    err11
20260130;	164827;	1769771907.000;	    err11
20260130;	164832;	1769771912.000;	    err11
20260130;	164837;	1769771917.000;	    err11
20260130;	164842;	1769771922.000;	    err11
20260130;	164847;	1769771927.000;	    err11
20260130;	164852;	1769771932.000;	    err11
20260130;	164857;	1769771937.000;	    err11
20260130;	164902;	1769771942.000;	    err11
20260130;	164907;	1769771947.000;	    err11
20260130;	164912;	1769771952.000;	    err11
20260130;	164917;	1769771957.000;	    err11
